[-5 -25 -5]
[5 -25 -5]
[-5 -45 -5]
[5 -45 -5]
[-15 -15 45]
[15 -15 45]
[-35 -15 -45]
[35 -15 -45]
[-35 -45 -5]
[35 -45 -5]
[-15 -35 55]
[15 -35 55]
[-25 -45 45]
[25 -45 45]
[-35 5 25]
[35 5 25]
[-15 35 25]
[15 35 25]
[-35 25 55]
[35 25 55]
[-45 45 25]
[45 45 25]
[-55 15 -5]
[55 15 -5]
[-45 -65 -55]
[45 -65 -55]
[-5 -35 -15]
[5 -35 -15]
[-5 -45 5]
[5 -45 5]
[-65 -45 35]
[65 -45 35]
[-25 -85 -5]
[25 -85 -5]
[-35 -35 15]
[35 -35 15]
[-35 25 -35]
[35 25 -35]
[-45 -35 35]
[45 -35 35]
[-15 -15 -15]
[15 -15 -15]
[-35 -85 35]
[35 -85 35]
[-35 45 -5]
[35 45 -5]
[-65 -5 5]
[65 -5 5]
[-5 -15 75]
[5 -15 75]
[-25 -25 65]
[25 -25 65]
[-55 15 -25]
[55 15 -25]
[-15 55 15]
[15 55 15]
[-45 55 -5]
[45 55 -5]
[-45 -85 15]
[45 -85 15]
[-5 -45 -65]
[5 -45 -65]
[-35 35 -5]
[35 35 -5]
[-35 -65 25]
[35 -65 25]
[-15 5 -25]
[15 5 -25]
[-35 -5 -25]
[35 -5 -25]
[-15 45 -5]
[15 45 -5]
[-15 -35 75]
[15 -35 75]
[-15 -45 45]
[15 -45 45]
[-45 -35 -15]
[45 -35 -15]
[-25 15 65]
[25 15 65]
[-35 -25 65]
[35 -25 65]
[-15 55 -5]
[15 55 -5]
[-25 -65 25]
[25 -65 25]
[-15 -35 65]
[15 -35 65]
[-25 25 -5]
[25 25 -5]
[-25 65 15]
[25 65 15]
[-25 -15 55]
[25 -15 55]
[-15 -5 75]
[15 -5 75]
[-25 5 45]
[25 5 45]
[-15 25 -5]
[15 25 -5]
[-55 -65 35]
[55 -65 35]
[-35 -55 35]
[35 -55 35]
[-45 -55 55]
[45 -55 55]
[-15 25 -15]
[15 25 -15]
[-15 -75 15]
[15 -75 15]
[-65 -15 35]
[65 -15 35]
[-15 -15 75]
[15 -15 75]
[-5 -5 -5]
[5 -5 -5]
[-35 25 -25]
[35 25 -25]
[-35 -5 65]
[35 -5 65]
[-25 -55 -45]
[25 -55 -45]
[-15 -85 -5]
[15 -85 -5]
[-45 -45 5]
[45 -45 5]
[-45 25 45]
[45 25 45]
[-15 45 -15]
[15 45 -15]
[-55 25 -5]
[55 25 -5]
[-45 -45 35]
[45 -45 35]
[-45 -25 55]
[45 -25 55]
[-15 -55 25]
[15 -55 25]
[-45 -25 25]
[45 -25 25]
[-65 -5 25]
[65 -5 25]
[-15 -85 5]
[15 -85 5]
[-25 -45 55]
[25 -45 55]
[-45 15 15]
[45 15 15]
[-35 -95 5]
[35 -95 5]
[-35 -65 55]
[35 -65 55]
[-35 -35 65]
[35 -35 65]
[-15 45 15]
[15 45 15]
[-45 -75 -25]
[45 -75 -25]
[-5 -5 -15]
[5 -5 -15]
[-5 -5 5]
[5 -5 5]
[-55 25 25]
[55 25 25]
[-5 25 -5]
[5 25 -5]
[-5 -35 65]
[5 -35 65]
[-35 25 25]
[35 25 25]
[-65 -5 -25]
[65 -5 -25]
[-15 -75 55]
[15 -75 55]
[-35 -75 -55]
[35 -75 -55]
[-5 -25 65]
[5 -25 65]
[-35 -25 45]
[35 -25 45]
[-5 -15 15]
[5 -15 15]
[-45 35 35]
[45 35 35]
[-25 -5 45]
[25 -5 45]
[-15 -15 -25]
[15 -15 -25]
[-5 -45 15]
[5 -45 15]
[-45 -15 55]
[45 -15 55]
[-25 -25 55]
[25 -25 55]
[-15 -45 55]
[15 -45 55]
[-65 -55 -5]
[65 -55 -5]
[-35 -85 -25]
[35 -85 -25]
[-45 -5 35]
[45 -5 35]
[-65 -55 5]
[65 -55 5]
[-15 -65 45]
[15 -65 45]
[-5 -95 -15]
[5 -95 -15]
[-35 -95 -5]
[35 -95 -5]
[-25 -35 -35]
[25 -35 -35]
[-25 -35 55]
[25 -35 55]
[-35 -25 5]
[35 -25 5]
[-15 -45 75]
[15 -45 75]
[-25 -35 65]
[25 -35 65]
[-25 35 25]
[25 35 25]
[-35 -45 65]
[35 -45 65]
[-35 -45 35]
[35 -45 35]
[-15 -5 -35]
[15 -5 -35]
[-65 -35 -25]
[65 -35 -25]
[-65 -5 -5]
[65 -5 -5]
[-5 -55 -25]
[5 -55 -25]
[-25 -35 5]
[25 -35 5]
[-5 -35 25]
[5 -35 25]
[-35 -35 -35]
[35 -35 -35]
[-55 35 -5]
[55 35 -5]
[-15 -15 65]
[15 -15 65]
[-5 -65 -55]
[5 -65 -55]
[-35 35 15]
[35 35 15]
[-5 65 -15]
[5 65 -15]
[-35 -15 65]
[35 -15 65]
[-35 -35 -5]
[35 -35 -5]
[-25 15 -45]
[25 15 -45]
[-45 -25 35]
[45 -25 35]
[-55 -55 45]
[55 -55 45]
[-15 -25 15]
[15 -25 15]
[-15 -55 55]
[15 -55 55]
[-5 -85 -15]
[5 -85 -15]
[-15 -65 65]
[15 -65 65]
[-5 -65 -5]
[5 -65 -5]
[-45 5 55]
[45 5 55]
[-45 -45 25]
[45 -45 25]
[-35 5 15]
[35 5 15]
[-35 35 45]
[35 35 45]
[-25 -65 5]
[25 -65 5]
[-25 -15 65]
[25 -15 65]
[-15 15 55]
[15 15 55]
[-15 -45 35]
[15 -45 35]
[-15 -85 25]
[15 -85 25]
[-15 45 5]
[15 45 5]
[-65 -5 15]
[65 -5 15]
[-5 -45 -55]
[5 -45 -55]
[-45 -15 -25]
[45 -15 -25]
[-25 -5 5]
[25 -5 5]
[-35 -25 55]
[35 -25 55]
[-45 5 15]
[45 5 15]
[-35 -15 45]
[35 -15 45]
[-35 45 35]
[35 45 35]
[-45 -25 -5]
[45 -25 -5]
[-25 -75 -5]
[25 -75 -5]
[-35 -85 -35]
[35 -85 -35]
[-25 -55 45]
[25 -55 45]
[-25 65 -5]
[25 65 -5]
[-55 35 5]
[55 35 5]
[-5 15 25]
[5 15 25]
[-45 -45 -45]
[45 -45 -45]
[-45 -45 55]
[45 -45 55]
[-15 -25 45]
[15 -25 45]
[-25 -55 55]
[25 -55 55]
[-15 65 -15]
[15 65 -15]
[-5 -45 -45]
[5 -45 -45]
[-45 -55 5]
[45 -55 5]
[-25 -45 -45]
[25 -45 -45]
[-15 -75 5]
[15 -75 5]
[-15 -95 25]
[15 -95 25]
[-35 -55 55]
[35 -55 55]
[-5 -85 35]
[5 -85 35]
[-45 25 15]
[45 25 15]
[-35 55 -15]
[35 55 -15]
[-15 -45 -45]
[15 -45 -45]
[-45 -85 -5]
[45 -85 -5]
[-35 15 35]
[35 15 35]
[-45 -25 5]
[45 -25 5]
[-25 25 35]
[25 25 35]
[-35 -75 15]
[35 -75 15]
[-45 -85 5]
[45 -85 5]
[-15 45 -25]
[15 45 -25]
[-55 -25 -15]
[55 -25 -15]
[-45 -35 5]
[45 -35 5]
[-5 -95 15]
[5 -95 15]
[-5 65 15]
[5 65 15]
[-45 -35 55]
[45 -35 55]
[-45 -35 25]
[45 -35 25]
[-15 -45 5]
[15 -45 5]
[-25 -75 25]
[25 -75 25]
[-25 25 -25]
[25 25 -25]
[-65 -15 15]
[65 -15 15]
[-35 15 -45]
[35 15 -45]
[-55 -15 25]
[55 -15 25]
[-25 45 15]
[25 45 15]
[-25 -65 55]
[25 -65 55]
[-35 -5 45]
[35 -5 45]
[-35 5 45]
[35 5 45]
[-15 -65 35]
[15 -65 35]
[-65 -35 35]
[65 -35 35]
[-35 -65 35]
[35 -65 35]
[-65 -5 -15]
[65 -5 -15]
[-65 -45 25]
[65 -45 25]
[-5 -45 65]
[5 -45 65]
[-25 65 5]
[25 65 5]
[-55 15 -15]
[55 15 -15]
[-25 -85 15]
[25 -85 15]
[-35 -15 -15]
[35 -15 -15]
[-25 -55 65]
[25 -55 65]
[-15 -35 -15]
[15 -35 -15]
[-15 45 35]
[15 45 35]
[-65 -25 35]
[65 -25 35]
[-5 -35 55]
[5 -35 55]
[-5 -55 5]
[5 -55 5]
[-15 -65 55]
[15 -65 55]
[-5 -25 55]
[5 -25 55]
[-55 -5 45]
[55 -5 45]
[-45 -5 45]
[45 -5 45]
[-35 -35 55]
[35 -35 55]
[-5 -45 -25]
[5 -45 -25]
[-15 -95 5]
[15 -95 5]
[-15 -45 65]
[15 -45 65]
[-35 -5 -15]
[35 -5 -15]
[-35 -45 55]
[35 -45 55]
[-45 15 -15]
[45 15 -15]
[-25 -55 5]
[25 -55 5]
[-25 -85 35]
[25 -85 35]
[-15 -75 25]
[15 -75 25]
[-5 -55 65]
[5 -55 65]
[-55 -5 15]
[55 -5 15]
[-35 15 25]
[35 15 25]
[-45 -45 15]
[45 -45 15]
[-45 -55 -5]
[45 -55 -5]
[-5 -15 65]
[5 -15 65]
[-55 -55 -25]
[55 -55 -25]
[-15 35 55]
[15 35 55]
[-35 15 45]
[35 15 45]
[-45 -75 35]
[45 -75 35]
[-45 5 -15]
[45 5 -15]
[-15 -55 -45]
[15 -55 -45]
[-25 -45 65]
[25 -45 65]
[-5 35 55]
[5 35 55]
[-15 5 -5]
[15 5 -5]
[-35 -85 -5]
[35 -85 -5]
[-35 -75 45]
[35 -75 45]
[-15 35 45]
[15 35 45]
[-25 5 65]
[25 5 65]
[-55 -15 45]
[55 -15 45]
[-5 -75 -5]
[5 -75 -5]
[-5 55 35]
[5 55 35]
[-55 -25 5]
[55 -25 5]
[-45 -15 45]
[45 -15 45]
[-15 55 35]
[15 55 35]
[-45 -15 35]
[45 -15 35]
[-5 35 5]
[5 35 5]
[-65 -15 5]
[65 -15 5]
[-5 -75 45]
[5 -75 45]
[-45 -15 -5]
[45 -15 -5]
[-45 -55 -55]
[45 -55 -55]
[-25 15 5]
[25 15 5]
[-45 -45 -35]
[45 -45 -35]
[-25 -95 -15]
[25 -95 -15]
[-45 45 -15]
[45 45 -15]
[-15 -85 35]
[15 -85 35]
[-55 -45 -5]
[55 -45 -5]
[-5 -85 -35]
[5 -85 -35]
[-45 -5 15]
[45 -5 15]
[-65 -15 25]
[65 -15 25]
[-15 -35 -5]
[15 -35 -5]
[-25 -65 35]
[25 -65 35]
[-15 -75 -5]
[15 -75 -5]
[-25 -85 -45]
[25 -85 -45]
[-35 15 -25]
[35 15 -25]
[-35 45 5]
[35 45 5]
[-65 -25 15]
[65 -25 15]
[-25 -95 15]
[25 -95 15]
[-45 15 -5]
[45 15 -5]
[-5 65 5]
[5 65 5]
[-45 -55 35]
[45 -55 35]
[-45 -5 55]
[45 -5 55]
[-5 65 -5]
[5 65 -5]
[-25 -75 45]
[25 -75 45]
[-15 15 15]
[15 15 15]
[-35 5 35]
[35 5 35]
[-5 -95 5]
[5 -95 5]
[-15 -35 -25]
[15 -35 -25]
[-15 -75 45]
[15 -75 45]
[-15 -95 15]
[15 -95 15]
[-35 5 -35]
[35 5 -35]
[-25 -15 -35]
[25 -15 -35]
[-15 55 -15]
[15 55 -15]
[-5 15 -25]
[5 15 -25]
[-15 -5 65]
[15 -5 65]
[-55 -5 25]
[55 -5 25]
[-45 -5 -5]
[45 -5 -5]
[-5 55 -25]
[5 55 -25]
[-5 35 45]
[5 35 45]
[-5 -25 5]
[5 -25 5]
[-25 -5 -5]
[25 -5 -5]
[-55 5 -35]
[55 5 -35]
[-5 45 45]
[5 45 45]
[-15 -5 -15]
[15 -5 -15]
[-15 -75 -55]
[15 -75 -55]
[-5 -85 25]
[5 -85 25]
[-25 -75 35]
[25 -75 35]
[-15 -75 35]
[15 -75 35]
[-55 15 25]
[55 15 25]
[-45 5 -45]
[45 5 -45]
[-45 -5 -15]
[45 -5 -15]
[-55 -65 25]
[55 -65 25]
[-25 -65 45]
[25 -65 45]
[-5 -95 -5]
[5 -95 -5]
[-55 -35 -15]
[55 -35 -15]
[-45 35 5]
[45 35 5]
[-5 15 65]
[5 15 65]
[-25 -65 -35]
[25 -65 -35]
[-45 -15 5]
[45 -15 5]
[-45 -25 45]
[45 -25 45]
[-55 25 15]
[55 25 15]
[-15 55 25]
[15 55 25]
[-35 25 35]
[35 25 35]
[-15 -55 65]
[15 -55 65]
[-55 5 25]
[55 5 25]
[-25 -95 -5]
[25 -95 -5]
[-5 -75 -15]
[5 -75 -15]
[-45 5 -5]
[45 5 -5]
[-25 -65 -5]
[25 -65 -5]
[-5 45 35]
[5 45 35]
[-25 25 55]
[25 25 55]
[-15 45 45]
[15 45 45]
[-55 -35 35]
[55 -35 35]
[-65 -25 25]
[65 -25 25]
[-25 -5 65]
[25 -5 65]
[-15 -95 -5]
[15 -95 -5]
[-45 -65 45]
[45 -65 45]
[-15 -95 -15]
[15 -95 -15]
[-35 -65 45]
[35 -65 45]
[-5 -65 55]
[5 -65 55]
[-5 5 -15]
[5 5 -15]
[-65 -15 -25]
[65 -15 -25]
[-5 -55 -5]
[5 -55 -5]
[-65 -35 25]
[65 -35 25]
[-45 5 -25]
[45 5 -25]
[-5 -5 35]
[5 -5 35]
[-35 35 25]
[35 35 25]
[-65 -45 -15]
[65 -45 -15]
[-15 65 15]
[15 65 15]
[-5 -85 -5]
[5 -85 -5]
[-25 25 -15]
[25 25 -15]
[-25 -65 -45]
[25 -65 -45]
[-5 -15 55]
[5 -15 55]
[-65 -45 15]
[65 -45 15]
[-35 -5 15]
[35 -5 15]
[-35 -75 25]
[35 -75 25]
[-55 -65 -15]
[55 -65 -15]
[-15 -85 -45]
[15 -85 -45]
[-55 -15 35]
[55 -15 35]
[-55 25 5]
[55 25 5]
[-5 -85 15]
[5 -85 15]
[-25 55 -15]
[25 55 -15]
[-55 -15 5]
[55 -15 5]
[-5 55 25]
[5 55 25]
[-45 -55 45]
[45 -55 45]
[-5 25 55]
[5 25 55]
[-25 15 -25]
[25 15 -25]
[-35 -45 -55]
[35 -45 -55]
[-45 15 45]
[45 15 45]
[-15 -25 5]
[15 -25 5]
[-5 -5 65]
[5 -5 65]
[-55 5 35]
[55 5 35]
[-25 -95 5]
[25 -95 5]
[-5 15 55]
[5 15 55]
[-45 25 -15]
[45 25 -15]
[-5 -75 35]
[5 -75 35]
[-5 -15 35]
[5 -15 35]
[-45 35 -5]
[45 35 -5]
[-35 -45 -15]
[35 -45 -15]
[-55 -25 45]
[55 -25 45]
[-15 15 65]
[15 15 65]
[-5 -45 55]
[5 -45 55]
[-55 -25 35]
[55 -25 35]
[-15 -35 45]
[15 -35 45]
[-65 -25 -25]
[65 -25 -25]
[-25 15 45]
[25 15 45]
[-55 -5 35]
[55 -5 35]
[-5 -65 5]
[5 -65 5]
[-45 45 15]
[45 45 15]
[-35 -85 25]
[35 -85 25]
[-55 5 15]
[55 5 15]
[-45 -45 45]
[45 -45 45]
[-55 -5 -5]
[55 -5 -5]
[-35 5 -25]
[35 5 -25]
[-5 -75 25]
[5 -75 25]
[-45 -35 15]
[45 -35 15]
[-15 65 -5]
[15 65 -5]
[-35 -45 -45]
[35 -45 -45]
[-55 -25 25]
[55 -25 25]
[-5 5 65]
[5 5 65]
[-35 55 15]
[35 55 15]
[-45 -5 -35]
[45 -5 -35]
[-15 25 55]
[15 25 55]
[-5 5 55]
[5 5 55]
[-35 15 55]
[35 15 55]
[-15 65 5]
[15 65 5]
[-25 -25 -25]
[25 -25 -25]
[-35 -55 45]
[35 -55 45]
[-15 -55 -25]
[15 -55 -25]
[-35 -85 -15]
[35 -85 -15]
[-35 -35 45]
[35 -35 45]
[-65 -35 15]
[65 -35 15]
[-55 -45 45]
[55 -45 45]
[-45 5 25]
[45 5 25]
[-65 -25 5]
[65 -25 5]
[-15 5 65]
[15 5 65]
[-25 -85 25]
[25 -85 25]
[-45 25 5]
[45 25 5]
[-5 55 -15]
[5 55 -15]
[-5 -65 45]
[5 -65 45]
[-65 -15 -5]
[65 -15 -5]
[-15 -85 -15]
[15 -85 -15]
[-5 -5 55]
[5 -5 55]
[-5 -55 55]
[5 -55 55]
[-5 25 45]
[5 25 45]
[-25 55 25]
[25 55 25]
[-45 -75 -35]
[45 -75 -35]
[-55 -35 15]
[55 -35 15]
[-5 -45 25]
[5 -45 25]
[-15 35 -25]
[15 35 -25]
[-35 5 -15]
[35 5 -15]
[-45 25 35]
[45 25 35]
[-35 5 55]
[35 5 55]
[-15 15 -25]
[15 15 -25]
[-15 -35 5]
[15 -35 5]
[-5 -25 35]
[5 -25 35]
[-5 -75 -45]
[5 -75 -45]
[-55 -65 15]
[55 -65 15]
[-45 -65 -25]
[45 -65 -25]
[-25 15 -35]
[25 15 -35]
[-35 -75 35]
[35 -75 35]
[-35 15 -15]
[35 15 -15]
[-15 -65 -5]
[15 -65 -5]
[-35 45 15]
[35 45 15]
[-55 -35 45]
[55 -35 45]
[-15 5 15]
[15 5 15]
[-25 -75 -55]
[25 -75 -55]
[-45 -5 5]
[45 -5 5]
[-5 5 -5]
[5 5 -5]
[-35 -5 -35]
[35 -5 -35]
[-45 -75 -15]
[45 -75 -15]
[-35 -5 55]
[35 -5 55]
[-5 55 15]
[5 55 15]
[-25 15 55]
[25 15 55]
[-55 15 5]
[55 15 5]
[-25 -55 -5]
[25 -55 -5]
[-25 -25 -15]
[25 -25 -15]
[-55 -15 -5]
[55 -15 -5]
[-25 35 45]
[25 35 45]
[-35 -35 -15]
[35 -35 -15]
[-25 -85 -15]
[25 -85 -15]
[-25 -45 -5]
[25 -45 -5]
[-45 35 25]
[45 35 25]
[-15 -45 -25]
[15 -45 -25]
[-5 5 35]
[5 5 35]
[-55 -35 -5]
[55 -35 -5]
[-5 -75 15]
[5 -75 15]
[-45 -5 -45]
[45 -5 -45]
[-45 -35 45]
[45 -35 45]
[-55 15 15]
[55 15 15]
[-35 -15 15]
[35 -15 15]
[-45 15 35]
[45 15 35]
[-35 -85 5]
[35 -85 5]
[-45 -45 -15]
[45 -45 -15]
[-35 45 -15]
[35 45 -15]
[-25 15 -15]
[25 15 -15]
[-45 -65 35]
[45 -65 35]
[-45 5 45]
[45 5 45]
[-55 -55 35]
[55 -55 35]
[-55 -15 -15]
[55 -15 -15]
[-55 -35 25]
[55 -35 25]
[-45 -75 5]
[45 -75 5]
[-45 -55 25]
[45 -55 25]
[-15 -55 15]
[15 -55 15]
[-55 -45 35]
[55 -45 35]
[-5 -85 5]
[5 -85 5]
[-55 -5 -25]
[55 -5 -25]
[-25 55 -5]
[25 55 -5]
[-5 -55 -35]
[5 -55 -35]
[-15 25 -25]
[15 25 -25]
[-65 -45 5]
[65 -45 5]
[-55 -15 -25]
[55 -15 -25]
[-35 25 -15]
[35 25 -15]
[-45 35 -15]
[45 35 -15]
[-5 -65 35]
[5 -65 35]
[-25 5 55]
[25 5 55]
[-65 -45 -5]
[65 -45 -5]
[-45 25 25]
[45 25 25]
[-35 -45 45]
[35 -45 45]
[-45 -75 -5]
[45 -75 -5]
[-5 35 35]
[5 35 35]
[-55 -65 5]
[55 -65 5]
[-45 -65 5]
[45 -65 5]
[-35 -85 15]
[35 -85 15]
[-25 45 35]
[25 45 35]
[-35 -25 15]
[35 -25 15]
[-25 45 25]
[25 45 25]
[-35 -15 -5]
[35 -15 -5]
[-35 -75 -15]
[35 -75 -15]
[-35 -55 -15]
[35 -55 -15]
[-25 5 -25]
[25 5 -25]
[-35 25 45]
[35 25 45]
[-45 -75 25]
[45 -75 25]
[-25 -5 -45]
[25 -5 -45]
[-5 55 5]
[5 55 5]
[-15 -65 5]
[15 -65 5]
[-5 55 -5]
[5 55 -5]
[-15 -5 -25]
[15 -5 -25]
[-5 15 -5]
[5 15 -5]
[-45 5 -35]
[45 5 -35]
[-5 -15 5]
[5 -15 5]
[-5 15 45]
[5 15 45]
[-5 -55 15]
[5 -55 15]
[-45 15 -35]
[45 15 -35]
[-35 -15 -25]
[35 -15 -25]
[-45 -15 -35]
[45 -15 -35]
[-15 -55 -5]
[15 -55 -5]
[-55 5 -5]
[55 5 -5]
[-55 -45 -15]
[55 -45 -15]
[-5 45 25]
[5 45 25]
[-55 -15 15]
[55 -15 15]
[-55 -5 5]
[55 -5 5]
[-45 -65 25]
[45 -65 25]
[-15 15 -15]
[15 15 -15]
[-55 -65 -5]
[55 -65 -5]
[-25 35 35]
[25 35 35]
[-5 -75 5]
[5 -75 5]
[-65 -15 -15]
[65 -15 -15]
[-55 -45 25]
[55 -45 25]
[-55 5 5]
[55 5 5]
[-25 55 15]
[25 55 15]
[-45 5 5]
[45 5 5]
[-55 -15 -35]
[55 -15 -35]
[-65 -35 5]
[65 -35 5]
[-35 55 -5]
[35 55 -5]
[-45 45 -5]
[45 45 -5]
[-25 25 45]
[25 25 45]
[-5 45 -25]
[5 45 -25]
[-15 -45 -5]
[15 -45 -5]
[-35 -65 -15]
[35 -65 -15]
[-35 -55 -45]
[35 -55 -45]
[-25 -35 -5]
[25 -35 -5]
[-55 -45 -25]
[55 -45 -25]
[-55 5 -15]
[55 5 -15]
[-45 -55 -25]
[45 -55 -25]
[-5 -55 45]
[5 -55 45]
[-5 15 -15]
[5 15 -15]
[-55 -35 5]
[55 -35 5]
[-25 45 -15]
[25 45 -15]
[-35 -55 -35]
[35 -55 -35]
[-45 45 5]
[45 45 5]
[-45 -15 15]
[45 -15 15]
[-25 -5 55]
[25 -5 55]
[-55 -45 15]
[55 -45 15]
[-25 15 -5]
[25 15 -5]
[-15 -65 -45]
[15 -65 -45]
[-25 55 5]
[25 55 5]
[-65 -35 -15]
[65 -35 -15]
[-45 15 25]
[45 15 25]
[-45 -65 -5]
[45 -65 -5]
[-35 55 5]
[35 55 5]
[-65 -25 -15]
[65 -25 -15]
[-35 35 -15]
[35 35 -15]
[-45 5 35]
[45 5 35]
[-55 -25 15]
[55 -25 15]
[-25 -15 -15]
[25 -15 -15]
[-15 -65 15]
[15 -65 15]
[-35 -25 -15]
[35 -25 -15]
[-5 -35 35]
[5 -35 35]
[-25 -45 -55]
[25 -45 -55]
[-35 -15 5]
[35 -15 5]
[-45 -25 -25]
[45 -25 -25]
[-45 -55 15]
[45 -55 15]
[-5 25 25]
[5 25 25]
[-5 35 -5]
[5 35 -5]
[-45 25 -5]
[45 25 -5]
[-45 -75 15]
[45 -75 15]
[-55 -5 -35]
[55 -5 -35]
[-55 -35 -25]
[55 -35 -25]
[-55 -55 -5]
[55 -55 -5]
[-45 15 5]
[45 15 5]
[-55 -55 5]
[55 -55 5]
[-55 -25 -25]
[55 -25 -25]
[-45 35 15]
[45 35 15]
[-15 -75 -35]
[15 -75 -35]
[-45 -65 15]
[45 -65 15]
[-5 5 45]
[5 5 45]
[-15 -65 25]
[15 -65 25]
[-15 5 -15]
[15 5 -15]
[-35 5 -45]
[35 5 -45]
[-35 45 25]
[35 45 25]
[-55 5 -25]
[55 5 -25]
[-5 35 15]
[5 35 15]
[-5 -65 -35]
[5 -65 -35]
[-5 -65 -15]
[5 -65 -15]
[-5 -55 25]
[5 -55 25]
[-35 35 35]
[35 35 35]
[-5 45 -15]
[5 45 -15]
[-5 35 -25]
[5 35 -25]
[-55 -55 25]
[55 -55 25]
[-5 25 -25]
[5 25 -25]
[-5 -45 45]
[5 -45 45]
[-5 25 -15]
[5 25 -15]
[-45 -25 15]
[45 -25 15]
[-15 -45 -55]
[15 -45 -55]
[-65 -25 -5]
[65 -25 -5]
[-65 -35 -5]
[65 -35 -5]
[-5 -65 -25]
[5 -65 -25]
[-5 -65 25]
[5 -65 25]
[-35 25 5]
[35 25 5]
[-5 25 35]
[5 25 35]
[-35 25 -5]
[35 25 -5]
[-15 -85 -25]
[15 -85 -25]
[-25 5 5]
[25 5 5]
[-25 -85 -25]
[25 -85 -25]
[-55 -45 5]
[55 -45 5]
[-5 -65 15]
[5 -65 15]
[-45 -35 -25]
[45 -35 -25]
[-5 -55 35]
[5 -55 35]
[-15 15 5]
[15 15 5]
[-5 -35 45]
[5 -35 45]
[-35 15 -35]
[35 15 -35]
[-35 -65 -35]
[35 -65 -35]
[-5 15 35]
[5 15 35]
[-5 -75 -35]
[5 -75 -35]
[-25 5 -15]
[25 5 -15]
[-5 45 15]
[5 45 15]
[-45 -45 -25]
[45 -45 -25]
[-5 -75 -25]
[5 -75 -25]
[-45 -65 -15]
[45 -65 -15]
[-25 5 -45]
[25 5 -45]
[-35 -35 -25]
[35 -35 -25]
[-35 -45 -35]
[35 -45 -35]
[-5 -25 45]
[5 -25 45]
[-35 -5 5]
[35 -5 5]
[-5 35 25]
[5 35 25]
[-45 15 -25]
[45 15 -25]
[-45 -65 -45]
[45 -65 -45]
[-5 -5 45]
[5 -5 45]
[-5 -15 45]
[5 -15 45]
[-25 -85 -35]
[25 -85 -35]
[-35 -25 -25]
[35 -25 -25]
[-35 -15 -35]
[35 -15 -35]
[-25 -75 -15]
[25 -75 -15]
[-5 -45 -15]
[5 -45 -15]
[-55 -5 -15]
[55 -5 -15]
[-5 -65 -45]
[5 -65 -45]
[-55 -55 15]
[55 -55 15]
[-55 -55 -15]
[55 -55 -15]
[-25 -15 -25]
[25 -15 -25]
[-5 45 5]
[5 45 5]
[-25 35 -15]
[25 35 -15]
[-15 -75 -15]
[15 -75 -15]
[-15 -65 -25]
[15 -65 -25]
[-35 5 5]
[35 5 5]
[-5 -55 -55]
[5 -55 -55]
[-15 -55 5]
[15 -55 5]
[-25 -35 -15]
[25 -35 -15]
[-55 -25 -5]
[55 -25 -5]
[-45 -55 -15]
[45 -55 -15]
[-5 35 -15]
[5 35 -15]
[-35 -75 -25]
[35 -75 -25]
[-25 5 -35]
[25 5 -35]
[-35 -5 -45]
[35 -5 -45]
[-5 45 -5]
[5 45 -5]
[-35 15 5]
[35 15 5]
[-15 -45 -15]
[15 -45 -15]
[-5 -45 35]
[5 -45 35]
[-15 15 -5]
[15 15 -5]
[-5 -55 -15]
[5 -55 -15]
[-25 -75 -45]
[25 -75 -45]
[-25 -5 -15]
[25 -5 -15]
[-15 -65 -55]
[15 -65 -55]
[-25 -35 -25]
[25 -35 -25]
[-35 -65 -45]
[35 -65 -45]
[-5 -55 -45]
[5 -55 -45]
[-35 5 -5]
[35 5 -5]
[-35 -65 -55]
[35 -65 -55]
[-35 15 -5]
[35 15 -5]
[-35 -75 -45]
[35 -75 -45]
[-15 -75 -45]
[15 -75 -45]
[-25 -75 -35]
[25 -75 -35]
[-25 -5 -35]
[25 -5 -35]
[-45 -55 -35]
[45 -55 -35]
[-15 -85 -35]
[15 -85 -35]
[-25 -65 -15]
[25 -65 -15]
[-25 5 -5]
[25 5 -5]
[-35 -75 -35]
[35 -75 -35]
[-45 -55 -45]
[45 -55 -45]
[-25 -45 -15]
[25 -45 -15]
[-15 -65 -15]
[15 -65 -15]
[-35 -45 -25]
[35 -45 -25]
[-25 -55 -15]
[25 -55 -15]
[-35 -65 -25]
[35 -65 -25]
[-35 -5 -5]
[35 -5 -5]
[-45 -65 -35]
[45 -65 -35]
[-35 -55 -55]
[35 -55 -55]
[-15 -55 -15]
[15 -55 -15]
[-25 -65 -55]
[25 -65 -55]
[-25 -5 -25]
[25 -5 -25]
[-25 -55 -55]
[25 -55 -55]
[-25 -45 -25]
[25 -45 -25]
[-35 -55 -25]
[35 -55 -25]
[-25 -55 -25]
[25 -55 -25]
[-25 -75 -25]
[25 -75 -25]
[-15 -55 -55]
[15 -55 -55]
[-15 -75 -25]
[15 -75 -25]
[-25 -65 -25]
[25 -65 -25]
