[-10 -30 -10]
[10 -30 -10]
[-30 10 -50]
[30 10 -50]
[-70 -30 10]
[70 -30 10]
[-10 -30 70]
[10 -30 70]
[-10 -30 10]
[10 -30 10]
[-30 -90 -30]
[30 -90 -30]
[-10 -30 30]
[10 -30 30]
[-10 10 30]
[10 10 30]
[-10 10 70]
[10 10 70]
[-10 -90 30]
[10 -90 30]
[-10 -50 70]
[10 -50 70]
[-10 10 10]
[10 10 10]
[-30 -30 50]
[30 -30 50]
[-10 -90 -30]
[10 -90 -30]
[-50 30 30]
[50 30 30]
[-50 -70 -30]
[50 -70 -30]
[-10 30 -30]
[10 30 -30]
[-10 -50 -30]
[10 -50 -30]
[-70 -30 -10]
[70 -30 -10]
[-50 -10 50]
[50 -10 50]
[-50 -50 50]
[50 -50 50]
[-30 -70 50]
[30 -70 50]
[-10 -10 70]
[10 -10 70]
[-30 -10 50]
[30 -10 50]
[-50 -10 30]
[50 -10 30]
[-30 -10 10]
[30 -10 10]
[-50 30 -10]
[50 30 -10]
[-50 -70 30]
[50 -70 30]
[-30 30 50]
[30 30 50]
[-50 -30 -30]
[50 -30 -30]
[-30 -90 -10]
[30 -90 -10]
[-10 -10 50]
[10 -10 50]
[-30 -90 10]
[30 -90 10]
[-30 -50 50]
[30 -50 50]
[-30 50 30]
[30 50 30]
[-50 -30 50]
[50 -30 50]
[-50 -30 -10]
[50 -30 -10]
[-10 -70 50]
[10 -70 50]
[-10 -90 10]
[10 -90 10]
[-30 30 30]
[30 30 30]
[-10 10 50]
[10 10 50]
[-30 -70 30]
[30 -70 30]
[-10 30 -10]
[10 30 -10]
[-30 10 10]
[30 10 10]
[-10 -50 10]
[10 -50 10]
[-50 -30 30]
[50 -30 30]
[-10 -90 -10]
[10 -90 -10]
[-10 -30 50]
[10 -30 50]
[-10 30 30]
[10 30 30]
[-10 50 30]
[10 50 30]
[-10 30 50]
[10 30 50]
[-10 -50 50]
[10 -50 50]
[-50 30 10]
[50 30 10]
[-30 -30 -30]
[30 -30 -30]
[-10 -50 30]
[10 -50 30]
[-30 50 -10]
[30 50 -10]
[-50 10 -10]
[50 10 -10]
[-10 50 10]
[10 50 10]
[-30 30 -10]
[30 30 -10]
[-30 10 50]
[30 10 50]
[-50 -70 -10]
[50 -70 -10]
[-30 -30 -10]
[30 -30 -10]
[-50 10 -30]
[50 10 -30]
[-10 50 -10]
[10 50 -10]
[-50 -50 -30]
[50 -50 -30]
[-50 -10 -10]
[50 -10 -10]
[-50 -70 10]
[50 -70 10]
[-30 50 10]
[30 50 10]
[-30 -70 -10]
[30 -70 -10]
[-50 10 30]
[50 10 30]
[-50 -10 -30]
[50 -10 -30]
[-50 -50 30]
[50 -50 30]
[-50 -30 10]
[50 -30 10]
[-50 -50 -10]
[50 -50 -10]
[-50 -10 10]
[50 -10 10]
[-10 -70 30]
[10 -70 30]
[-50 10 10]
[50 10 10]
[-10 -70 10]
[10 -70 10]
[-30 -10 -10]
[30 -10 -10]
[-30 -50 -10]
[30 -50 -10]
[-10 -70 -50]
[10 -70 -50]
[-50 -50 10]
[50 -50 10]
[-30 10 -30]
[30 10 -30]
[-10 -70 -10]
[10 -70 -10]
[-10 -50 -50]
[10 -50 -50]
[-30 -50 -50]
[30 -50 -50]
[-10 10 -10]
[10 10 -10]
[-30 -10 -30]
[30 -10 -30]
[-10 -50 -10]
[10 -50 -10]
[-10 -70 -30]
[10 -70 -30]
[-30 -50 -30]
[30 -50 -30]
[-30 10 -10]
[30 10 -10]
[-30 -70 -50]
[30 -70 -50]
[-30 -70 -30]
[30 -70 -30]
