[-27 -63 9]
[27 -63 9]
[-27 -9 9]
[27 -9 9]
[-63 9 9]
[63 9 9]
[-27 -81 45]
[27 -81 45]
[-27 -81 9]
[27 -81 9]
[-27 -99 9]
[27 -99 9]
[-9 -45 -63]
[9 -45 -63]
[-27 -99 -9]
[27 -99 -9]
[-9 -9 9]
[9 -9 9]
[-45 -81 27]
[45 -81 27]
[-27 -63 27]
[27 -63 27]
[-9 63 27]
[9 63 27]
[-9 -27 63]
[9 -27 63]
[-9 27 63]
[9 27 63]
[-27 -27 63]
[27 -27 63]
[-45 -45 -9]
[45 -45 -9]
[-9 -81 45]
[9 -81 45]
[-9 -45 9]
[9 -45 9]
[-45 -27 -9]
[45 -27 -9]
[-27 45 9]
[27 45 9]
[-27 27 -27]
[27 27 -27]
[-45 9 -45]
[45 9 -45]
[-9 9 9]
[9 9 9]
[-9 -99 9]
[9 -99 9]
[-27 -45 45]
[27 -45 45]
[-9 -99 -9]
[9 -99 -9]
[-27 9 45]
[27 9 45]
[-9 -63 63]
[9 -63 63]
[-45 -45 27]
[45 -45 27]
[-45 -45 -45]
[45 -45 -45]
[-45 -27 27]
[45 -27 27]
[-63 -9 27]
[63 -9 27]
[-27 -63 -63]
[27 -63 -63]
[-9 -45 -27]
[9 -45 -27]
[-27 63 -9]
[27 63 -9]
[-27 63 9]
[27 63 9]
[-45 -45 9]
[45 -45 9]
[-9 -27 9]
[9 -27 9]
[-9 -45 -45]
[9 -45 -45]
[-9 45 -27]
[9 45 -27]
[-27 -9 -45]
[27 -9 -45]
[-63 -9 9]
[63 -9 9]
[-45 -9 -45]
[45 -9 -45]
[-27 -45 63]
[27 -45 63]
[-27 9 63]
[27 9 63]
[-45 -81 -9]
[45 -81 -9]
[-63 -9 -27]
[63 -9 -27]
[-63 -27 -27]
[63 -27 -27]
[-27 45 -9]
[27 45 -9]
[-45 -9 -27]
[45 -9 -27]
[-9 45 45]
[9 45 45]
[-45 -63 45]
[45 -63 45]
[-63 -45 27]
[63 -45 27]
[-27 -45 -45]
[27 -45 -45]
[-9 -45 63]
[9 -45 63]
[-9 63 9]
[9 63 9]
[-9 63 -9]
[9 63 -9]
[-9 27 45]
[9 27 45]
[-9 -9 63]
[9 -9 63]
[-45 -81 9]
[45 -81 9]
[-9 -45 27]
[9 -45 27]
[-27 -9 63]
[27 -9 63]
[-9 27 -9]
[9 27 -9]
[-27 27 -9]
[27 27 -9]
[-27 -63 45]
[27 -63 45]
[-27 -81 -9]
[27 -81 -9]
[-45 -9 45]
[45 -9 45]
[-27 9 9]
[27 9 9]
[-9 -81 -45]
[9 -81 -45]
[-9 -81 27]
[9 -81 27]
[-63 -27 27]
[63 -27 27]
[-45 45 -9]
[45 45 -9]
[-9 9 45]
[9 9 45]
[-9 -81 -9]
[9 -81 -9]
[-9 45 27]
[9 45 27]
[-9 -63 45]
[9 -63 45]
[-9 27 -27]
[9 27 -27]
[-27 -27 -9]
[27 -27 -9]
[-9 -81 9]
[9 -81 9]
[-9 -9 45]
[9 -9 45]
[-63 -9 -9]
[63 -9 -9]
[-63 -27 9]
[63 -27 9]
[-27 9 -45]
[27 9 -45]
[-45 -27 45]
[45 -27 45]
[-45 -27 -27]
[45 -27 -27]
[-27 -81 27]
[27 -81 27]
[-9 9 63]
[9 9 63]
[-9 27 27]
[9 27 27]
[-45 45 9]
[45 45 9]
[-45 27 9]
[45 27 9]
[-45 9 45]
[45 9 45]
[-45 -27 9]
[45 -27 9]
[-27 -9 -9]
[27 -9 -9]
[-63 -45 -9]
[63 -45 -9]
[-27 -27 -27]
[27 -27 -27]
[-45 -9 -9]
[45 -9 -9]
[-9 45 -9]
[9 45 -9]
[-45 -45 45]
[45 -45 45]
[-63 -45 9]
[63 -45 9]
[-9 -45 -9]
[9 -45 -9]
[-45 27 27]
[45 27 27]
[-45 9 9]
[45 9 9]
[-45 9 -9]
[45 9 -9]
[-27 9 -27]
[27 9 -27]
[-27 -63 -9]
[27 -63 -9]
[-45 9 27]
[45 9 27]
[-45 27 -9]
[45 27 -9]
[-9 -45 45]
[9 -45 45]
[-45 -63 9]
[45 -63 9]
[-27 27 45]
[27 27 45]
[-27 45 27]
[27 45 27]
[-9 45 9]
[9 45 9]
[-45 -63 27]
[45 -63 27]
[-27 -81 -45]
[27 -81 -45]
[-9 -63 -27]
[9 -63 -27]
[-9 -27 45]
[9 -27 45]
[-27 -63 -45]
[27 -63 -45]
[-45 9 -27]
[45 9 -27]
[-9 -63 -9]
[9 -63 -9]
[-63 -27 -9]
[63 -27 -9]
[-45 -63 -9]
[45 -63 -9]
[-9 -63 27]
[9 -63 27]
[-45 -9 9]
[45 -9 9]
[-45 -45 -27]
[45 -45 -27]
[-9 -81 -27]
[9 -81 -27]
[-9 -63 9]
[9 -63 9]
[-27 -45 -9]
[27 -45 -9]
[-9 9 -9]
[9 9 -9]
[-45 -63 -27]
[45 -63 -27]
[-45 -63 -45]
[45 -63 -45]
[-9 -63 -45]
[9 -63 -45]
[-27 9 -9]
[27 9 -9]
[-27 -81 -27]
[27 -81 -27]
[-27 -9 -27]
[27 -9 -27]
[-27 -45 -27]
[27 -45 -27]
[-27 -63 -27]
[27 -63 -27]
