[-8 56 40]
[8 56 40]
[-56 -72 -8]
[56 -72 -8]
[-24 -8 72]
[24 -8 72]
[-56 8 40]
[56 8 40]
[-8 -40 24]
[8 -40 24]
[-24 -40 -40]
[24 -40 -40]
[-24 -40 -56]
[24 -40 -56]
[-8 -24 72]
[8 -24 72]
[-40 -56 8]
[40 -56 8]
[-56 -72 8]
[56 -72 8]
[-24 24 8]
[24 24 8]
[-24 40 -8]
[24 40 -8]
[-72 -24 -8]
[72 -24 -8]
[-56 24 24]
[56 24 24]
[-8 8 -24]
[8 8 -24]
[-24 -56 40]
[24 -56 40]
[-24 40 -24]
[24 40 -24]
[-8 8 72]
[8 8 72]
[-8 -8 8]
[8 -8 8]
[-40 -40 -40]
[40 -40 -40]
[-40 -8 -24]
[40 -8 -24]
[-8 -40 72]
[8 -40 72]
[-40 -56 56]
[40 -56 56]
[-40 -24 -8]
[40 -24 -8]
[-8 -72 56]
[8 -72 56]
[-40 -24 56]
[40 -24 56]
[-8 -24 56]
[8 -24 56]
[-40 -8 40]
[40 -8 40]
[-24 -40 56]
[24 -40 56]
[-8 -88 -40]
[8 -88 -40]
[-8 8 8]
[8 8 8]
[-24 -24 -8]
[24 -24 -8]
[-8 -8 72]
[8 -8 72]
[-40 -24 24]
[40 -24 24]
[-8 -40 -8]
[8 -40 -8]
[-24 -88 8]
[24 -88 8]
[-56 -8 -40]
[56 -8 -40]
[-8 -88 -24]
[8 -88 -24]
[-8 56 -24]
[8 56 -24]
[-56 -56 40]
[56 -56 40]
[-40 56 8]
[40 56 8]
[-24 40 24]
[24 40 24]
[-8 -40 -24]
[8 -40 -24]
[-56 -56 -24]
[56 -56 -24]
[-24 -56 56]
[24 -56 56]
[-40 -56 24]
[40 -56 24]
[-40 -24 40]
[40 -24 40]
[-40 56 -8]
[40 56 -8]
[-40 -88 -8]
[40 -88 -8]
[-24 -56 8]
[24 -56 8]
[-24 -72 24]
[24 -72 24]
[-56 24 8]
[56 24 8]
[-24 24 -8]
[24 24 -8]
[-40 -40 56]
[40 -40 56]
[-40 -56 -8]
[40 -56 -8]
[-8 -8 56]
[8 -8 56]
[-8 -88 24]
[8 -88 24]
[-24 24 -24]
[24 24 -24]
[-40 8 56]
[40 8 56]
[-24 24 40]
[24 24 40]
[-40 24 -24]
[40 24 -24]
[-24 -88 -40]
[24 -88 -40]
[-24 -88 -8]
[24 -88 -8]
[-24 8 8]
[24 8 8]
[-40 -8 56]
[40 -8 56]
[-40 -88 8]
[40 -88 8]
[-56 -8 40]
[56 -8 40]
[-24 24 56]
[24 24 56]
[-40 8 24]
[40 8 24]
[-8 40 40]
[8 40 40]
[-8 -40 56]
[8 -40 56]
[-56 -8 24]
[56 -8 24]
[-8 24 24]
[8 24 24]
[-40 -72 8]
[40 -72 8]
[-40 -56 40]
[40 -56 40]
[-24 -88 24]
[24 -88 24]
[-56 8 -24]
[56 8 -24]
[-24 56 24]
[24 56 24]
[-56 8 -8]
[56 8 -8]
[-24 -8 56]
[24 -8 56]
[-8 8 56]
[8 8 56]
[-24 -8 -8]
[24 -8 -8]
[-40 -72 40]
[40 -72 40]
[-8 24 -8]
[8 24 -8]
[-40 24 8]
[40 24 8]
[-56 8 24]
[56 8 24]
[-40 24 24]
[40 24 24]
[-8 -88 -8]
[8 -88 -8]
[-8 -24 8]
[8 -24 8]
[-24 -72 40]
[24 -72 40]
[-8 -88 8]
[8 -88 8]
[-40 -40 40]
[40 -40 40]
[-8 -72 -8]
[8 -72 -8]
[-40 -72 -8]
[40 -72 -8]
[-40 8 -24]
[40 8 -24]
[-8 56 24]
[8 56 24]
[-40 -24 8]
[40 -24 8]
[-8 24 40]
[8 24 40]
[-8 -8 40]
[8 -8 40]
[-40 40 -8]
[40 40 -8]
[-8 24 56]
[8 24 56]
[-8 -56 56]
[8 -56 56]
[-8 -56 -24]
[8 -56 -24]
[-8 -72 40]
[8 -72 40]
[-24 8 56]
[24 8 56]
[-24 56 8]
[24 56 8]
[-56 -24 8]
[56 -24 8]
[-8 56 8]
[8 56 8]
[-8 56 -8]
[8 56 -8]
[-56 -40 -8]
[56 -40 -8]
[-24 -72 -8]
[24 -72 -8]
[-40 40 8]
[40 40 8]
[-40 -72 24]
[40 -72 24]
[-24 -24 -24]
[24 -24 -24]
[-56 8 8]
[56 8 8]
[-56 -24 40]
[56 -24 40]
[-40 24 40]
[40 24 40]
[-8 40 -24]
[8 40 -24]
[-24 -8 -40]
[24 -8 -40]
[-8 8 40]
[8 8 40]
[-56 -40 40]
[56 -40 40]
[-24 -72 -56]
[24 -72 -56]
[-24 -88 -24]
[24 -88 -24]
[-24 56 -8]
[24 56 -8]
[-8 -56 40]
[8 -56 40]
[-8 -56 -40]
[8 -56 -40]
[-24 40 40]
[24 40 40]
[-56 -40 -24]
[56 -40 -24]
[-40 8 40]
[40 8 40]
[-40 -8 -8]
[40 -8 -8]
[-24 8 -24]
[24 8 -24]
[-40 40 24]
[40 40 24]
[-8 -72 24]
[8 -72 24]
[-40 -56 -56]
[40 -56 -56]
[-8 40 24]
[8 40 24]
[-8 40 8]
[8 40 8]
[-56 -56 24]
[56 -56 24]
[-8 24 -24]
[8 24 -24]
[-56 -8 8]
[56 -8 8]
[-56 -24 -24]
[56 -24 -24]
[-40 -24 -24]
[40 -24 -24]
[-8 40 -8]
[8 40 -8]
[-40 24 -8]
[40 24 -8]
[-8 -72 8]
[8 -72 8]
[-8 -56 24]
[8 -56 24]
[-40 8 -8]
[40 8 -8]
[-56 -24 24]
[56 -24 24]
[-40 8 8]
[40 8 8]
[-8 -56 8]
[8 -56 8]
[-24 8 -40]
[24 8 -40]
[-8 -24 40]
[8 -24 40]
[-56 -8 -8]
[56 -8 -8]
[-56 -40 24]
[56 -40 24]
[-40 8 -40]
[40 8 -40]
[-56 -24 -8]
[56 -24 -8]
[-56 -8 -24]
[56 -8 -24]
[-56 -56 -8]
[56 -56 -8]
[-8 -56 -8]
[8 -56 -8]
[-24 -56 -8]
[24 -56 -8]
[-40 -40 -24]
[40 -40 -24]
[-56 -56 8]
[56 -56 8]
[-24 -72 -40]
[24 -72 -40]
[-40 -8 -40]
[40 -8 -40]
[-56 -40 8]
[56 -40 8]
[-8 8 -8]
[8 8 -8]
[-8 -40 40]
[8 -40 40]
[-40 -8 8]
[40 -8 8]
[-8 -72 -40]
[8 -72 -40]
[-40 -72 -24]
[40 -72 -24]
[-24 -40 -8]
[24 -40 -8]
[-8 -56 -56]
[8 -56 -56]
[-40 -72 -40]
[40 -72 -40]
[-8 -72 -24]
[8 -72 -24]
[-24 8 -8]
[24 8 -8]
[-24 -56 -56]
[24 -56 -56]
[-40 -56 -40]
[40 -56 -40]
[-24 -40 -24]
[24 -40 -24]
[-24 -8 -24]
[24 -8 -24]
[-40 -56 -24]
[40 -56 -24]
[-24 -56 -24]
[24 -56 -24]
[-24 -72 -24]
[24 -72 -24]
