[-6 42 54]
[6 42 54]
[-30 30 54]
[30 30 54]
[-42 -54 6]
[42 -54 6]
[-18 18 -30]
[18 18 -30]
[-66 -18 -30]
[66 -18 -30]
[-6 -102 6]
[6 -102 6]
[-54 18 -6]
[54 18 -6]
[-42 -18 -18]
[42 -18 -18]
[-18 -90 -42]
[18 -90 -42]
[-42 -90 6]
[42 -90 6]
[-6 -6 -6]
[6 -6 -6]
[-54 -54 -42]
[54 -54 -42]
[-42 18 -42]
[42 18 -42]
[-6 54 42]
[6 54 42]
[-54 -30 54]
[54 -30 54]
[-6 -18 30]
[6 -18 30]
[-42 -90 -6]
[42 -90 -6]
[-42 18 54]
[42 18 54]
[-18 -30 42]
[18 -30 42]
[-18 -42 6]
[18 -42 6]
[-18 -30 66]
[18 -30 66]
[-30 30 6]
[30 30 6]
[-30 -54 -42]
[30 -54 -42]
[-18 -90 6]
[18 -90 6]
[-18 -54 -30]
[18 -54 -30]
[-18 -42 54]
[18 -42 54]
[-30 -54 66]
[30 -54 66]
[-6 -30 66]
[6 -30 66]
[-30 -30 66]
[30 -30 66]
[-42 -42 18]
[42 -42 18]
[-66 -54 -6]
[66 -54 -6]
[-30 54 -18]
[30 54 -18]
[-54 18 -18]
[54 18 -18]
[-30 54 30]
[30 54 30]
[-6 -42 -54]
[6 -42 -54]
[-66 -54 6]
[66 -54 6]
[-18 -6 54]
[18 -6 54]
[-6 -30 -6]
[6 -30 -6]
[-6 -54 -30]
[6 -54 -30]
[-6 -6 6]
[6 -6 6]
[-30 -78 -6]
[30 -78 -6]
[-18 54 6]
[18 54 6]
[-66 -6 -6]
[66 -6 -6]
[-66 -6 18]
[66 -6 18]
[-30 -18 66]
[30 -18 66]
[-18 -18 66]
[18 -18 66]
[-54 -54 -30]
[54 -54 -30]
[-42 -42 -42]
[42 -42 -42]
[-18 -54 54]
[18 -54 54]
[-6 66 18]
[6 66 18]
[-42 -6 -18]
[42 -6 -18]
[-66 -42 30]
[66 -42 30]
[-6 -30 6]
[6 -30 6]
[-6 -90 -18]
[6 -90 -18]
[-18 66 18]
[18 66 18]
[-54 -42 -30]
[54 -42 -30]
[-42 -6 -30]
[42 -6 -30]
[-42 -54 -6]
[42 -54 -6]
[-6 -90 30]
[6 -90 30]
[-42 -30 6]
[42 -30 6]
[-42 -18 54]
[42 -18 54]
[-42 -78 -42]
[42 -78 -42]
[-18 18 66]
[18 18 66]
[-6 6 30]
[6 6 30]
[-18 -42 -30]
[18 -42 -30]
[-30 -18 -6]
[30 -18 -6]
[-18 54 -6]
[18 54 -6]
[-18 42 30]
[18 42 30]
[-42 18 18]
[42 18 18]
[-66 -18 30]
[66 -18 30]
[-42 6 18]
[42 6 18]
[-30 -66 -6]
[30 -66 -6]
[-30 -18 6]
[30 -18 6]
[-30 42 42]
[30 42 42]
[-18 -102 6]
[18 -102 6]
[-66 -18 18]
[66 -18 18]
[-30 -42 -42]
[30 -42 -42]
[-54 6 42]
[54 6 42]
[-54 18 30]
[54 18 30]
[-30 -6 66]
[30 -6 66]
[-30 -42 66]
[30 -42 66]
[-6 -18 66]
[6 -18 66]
[-30 -30 54]
[30 -30 54]
[-42 -6 42]
[42 -6 42]
[-30 -78 -54]
[30 -78 -54]
[-18 -102 -6]
[18 -102 -6]
[-18 6 18]
[18 6 18]
[-6 18 66]
[6 18 66]
[-54 -6 -42]
[54 -6 -42]
[-66 -6 -18]
[66 -6 -18]
[-18 6 6]
[18 6 6]
[-18 6 54]
[18 6 54]
[-54 -66 -18]
[54 -66 -18]
[-30 -66 54]
[30 -66 54]
[-6 -42 66]
[6 -42 66]
[-42 -54 54]
[42 -54 54]
[-54 -6 18]
[54 -6 18]
[-18 -78 30]
[18 -78 30]
[-42 42 30]
[42 42 30]
[-30 -66 30]
[30 -66 30]
[-18 -30 -18]
[18 -30 -18]
[-54 30 18]
[54 30 18]
[-18 -66 42]
[18 -66 42]
[-42 -30 54]
[42 -30 54]
[-42 30 42]
[42 30 42]
[-42 -54 30]
[42 -54 30]
[-18 -54 18]
[18 -54 18]
[-6 42 -30]
[6 42 -30]
[-42 -6 18]
[42 -6 18]
[-18 -30 -6]
[18 -30 -6]
[-18 -90 -6]
[18 -90 -6]
[-18 6 -42]
[18 6 -42]
[-42 -30 -30]
[42 -30 -30]
[-18 -42 66]
[18 -42 66]
[-42 42 -18]
[42 42 -18]
[-6 -30 30]
[6 -30 30]
[-54 30 -6]
[54 30 -6]
[-66 -30 30]
[66 -30 30]
[-6 66 -6]
[6 66 -6]
[-30 30 -6]
[30 30 -6]
[-66 -42 -18]
[66 -42 -18]
[-18 54 18]
[18 54 18]
[-66 -18 6]
[66 -18 6]
[-6 6 -18]
[6 6 -18]
[-18 -90 30]
[18 -90 30]
[-42 -18 -6]
[42 -18 -6]
[-18 30 42]
[18 30 42]
[-6 -78 42]
[6 -78 42]
[-6 66 6]
[6 66 6]
[-18 -18 -18]
[18 -18 -18]
[-18 -78 -6]
[18 -78 -6]
[-18 6 -30]
[18 6 -30]
[-6 -30 54]
[6 -30 54]
[-54 -66 30]
[54 -66 30]
[-6 -54 66]
[6 -54 66]
[-30 -42 54]
[30 -42 54]
[-42 30 6]
[42 30 6]
[-30 -54 54]
[30 -54 54]
[-18 -66 54]
[18 -66 54]
[-18 -66 -42]
[18 -66 -42]
[-6 -66 -54]
[6 -66 -54]
[-30 -90 -18]
[30 -90 -18]
[-18 -90 18]
[18 -90 18]
[-54 -42 -6]
[54 -42 -6]
[-6 -66 -6]
[6 -66 -6]
[-54 -30 -30]
[54 -30 -30]
[-66 -42 18]
[66 -42 18]
[-6 30 -30]
[6 30 -30]
[-66 -30 18]
[66 -30 18]
[-18 -78 -54]
[18 -78 -54]
[-30 -42 42]
[30 -42 42]
[-30 18 42]
[30 18 42]
[-18 66 -6]
[18 66 -6]
[-42 54 6]
[42 54 6]
[-6 -18 54]
[6 -18 54]
[-42 -42 54]
[42 -42 54]
[-30 -78 42]
[30 -78 42]
[-30 30 30]
[30 30 30]
[-54 -18 -18]
[54 -18 -18]
[-6 30 -6]
[6 30 -6]
[-18 54 -18]
[18 54 -18]
[-6 -90 18]
[6 -90 18]
[-30 -78 18]
[30 -78 18]
[-18 -54 66]
[18 -54 66]
[-30 -54 -6]
[30 -54 -6]
[-42 -78 -18]
[42 -78 -18]
[-42 -18 42]
[42 -18 42]
[-30 18 -30]
[30 18 -30]
[-6 -78 -6]
[6 -78 -6]
[-54 -18 30]
[54 -18 30]
[-30 -42 -54]
[30 -42 -54]
[-42 6 -30]
[42 6 -30]
[-42 -30 -18]
[42 -30 -18]
[-30 18 -42]
[30 18 -42]
[-18 42 -18]
[18 42 -18]
[-18 -78 42]
[18 -78 42]
[-18 66 6]
[18 66 6]
[-30 -90 -6]
[30 -90 -6]
[-6 42 42]
[6 42 42]
[-18 -66 30]
[18 -66 30]
[-42 54 -6]
[42 54 -6]
[-18 -90 -30]
[18 -90 -30]
[-54 -6 42]
[54 -6 42]
[-18 -30 6]
[18 -30 6]
[-54 30 6]
[54 30 6]
[-18 18 54]
[18 18 54]
[-42 18 -18]
[42 18 -18]
[-30 42 18]
[30 42 18]
[-6 -66 54]
[6 -66 54]
[-54 -30 30]
[54 -30 30]
[-42 30 -18]
[42 30 -18]
[-54 -6 30]
[54 -6 30]
[-54 -54 42]
[54 -54 42]
[-42 -66 -54]
[42 -66 -54]
[-6 54 30]
[6 54 30]
[-30 -54 42]
[30 -54 42]
[-42 -54 42]
[42 -54 42]
[-30 -30 -30]
[30 -30 -30]
[-30 -90 18]
[30 -90 18]
[-54 -30 -18]
[54 -30 -18]
[-42 6 -18]
[42 6 -18]
[-42 6 54]
[42 6 54]
[-18 -42 -54]
[18 -42 -54]
[-6 -54 6]
[6 -54 6]
[-30 42 -18]
[30 42 -18]
[-6 30 54]
[6 30 54]
[-42 -78 30]
[42 -78 30]
[-42 -6 54]
[42 -6 54]
[-6 18 54]
[6 18 54]
[-6 -6 66]
[6 -6 66]
[-6 30 42]
[6 30 42]
[-42 -66 6]
[42 -66 6]
[-6 -78 18]
[6 -78 18]
[-6 -78 30]
[6 -78 30]
[-54 -18 42]
[54 -18 42]
[-30 -30 -6]
[30 -30 -6]
[-18 -6 66]
[18 -6 66]
[-30 -6 6]
[30 -6 6]
[-6 -78 -18]
[6 -78 -18]
[-54 -18 6]
[54 -18 6]
[-30 -66 42]
[30 -66 42]
[-6 -42 54]
[6 -42 54]
[-18 30 -18]
[18 30 -18]
[-6 6 54]
[6 6 54]
[-6 -6 54]
[6 -6 54]
[-6 -90 -6]
[6 -90 -6]
[-18 18 6]
[18 18 6]
[-18 54 30]
[18 54 30]
[-18 6 66]
[18 6 66]
[-6 6 66]
[6 6 66]
[-18 30 54]
[18 30 54]
[-42 -54 18]
[42 -54 18]
[-66 -30 6]
[66 -30 6]
[-42 -78 -30]
[42 -78 -30]
[-54 6 30]
[54 6 30]
[-42 42 -6]
[42 42 -6]
[-54 -30 6]
[54 -30 6]
[-18 -90 -18]
[18 -90 -18]
[-42 -78 -6]
[42 -78 -6]
[-42 -66 42]
[42 -66 42]
[-6 -90 6]
[6 -90 6]
[-42 -66 30]
[42 -66 30]
[-66 -42 6]
[66 -42 6]
[-18 42 42]
[18 42 42]
[-6 -66 42]
[6 -66 42]
[-54 18 18]
[54 18 18]
[-66 -18 -6]
[66 -18 -6]
[-54 6 18]
[54 6 18]
[-6 54 18]
[6 54 18]
[-30 -90 6]
[30 -90 6]
[-42 -66 -6]
[42 -66 -6]
[-54 -66 18]
[54 -66 18]
[-6 30 18]
[6 30 18]
[-6 -54 54]
[6 -54 54]
[-6 42 30]
[6 42 30]
[-66 -18 -18]
[66 -18 -18]
[-18 -66 6]
[18 -66 6]
[-66 -42 -6]
[66 -42 -6]
[-54 -30 42]
[54 -30 42]
[-42 18 42]
[42 18 42]
[-30 18 54]
[30 18 54]
[-42 -42 -30]
[42 -42 -30]
[-6 54 -18]
[6 54 -18]
[-6 18 -6]
[6 18 -6]
[-42 -18 6]
[42 -18 6]
[-42 30 18]
[42 30 18]
[-66 -30 -18]
[66 -30 -18]
[-54 -6 -6]
[54 -6 -6]
[-42 -42 42]
[42 -42 42]
[-30 -42 -6]
[30 -42 -6]
[-30 6 54]
[30 6 54]
[-42 -30 42]
[42 -30 42]
[-6 -18 6]
[6 -18 6]
[-54 -42 30]
[54 -42 30]
[-30 -78 30]
[30 -78 30]
[-54 -42 42]
[54 -42 42]
[-42 -78 6]
[42 -78 6]
[-18 -66 18]
[18 -66 18]
[-6 -54 -6]
[6 -54 -6]
[-42 30 30]
[42 30 30]
[-18 -66 -30]
[18 -66 -30]
[-42 30 -6]
[42 30 -6]
[-54 18 6]
[54 18 6]
[-30 54 -6]
[30 54 -6]
[-42 -66 18]
[42 -66 18]
[-30 6 -30]
[30 6 -30]
[-18 18 -18]
[18 18 -18]
[-6 -66 6]
[6 -66 6]
[-18 -66 -6]
[18 -66 -6]
[-42 18 -6]
[42 18 -6]
[-54 -66 6]
[54 -66 6]
[-54 6 -6]
[54 6 -6]
[-30 30 -18]
[30 30 -18]
[-54 6 -30]
[54 6 -30]
[-6 -54 18]
[6 -54 18]
[-42 6 42]
[42 6 42]
[-18 18 -6]
[18 18 -6]
[-30 18 6]
[30 18 6]
[-6 54 -6]
[6 54 -6]
[-6 -42 -18]
[6 -42 -18]
[-6 18 30]
[6 18 30]
[-6 6 -6]
[6 6 -6]
[-42 -18 18]
[42 -18 18]
[-6 18 42]
[6 18 42]
[-6 -66 -30]
[6 -66 -30]
[-42 -78 18]
[42 -78 18]
[-6 -78 -42]
[6 -78 -42]
[-6 -42 30]
[6 -42 30]
[-54 -66 -6]
[54 -66 -6]
[-54 -42 18]
[54 -42 18]
[-66 -30 -6]
[66 -30 -6]
[-42 42 18]
[42 42 18]
[-42 18 30]
[42 18 30]
[-42 -6 -6]
[42 -6 -6]
[-54 -18 18]
[54 -18 18]
[-30 -66 -42]
[30 -66 -42]
[-30 54 18]
[30 54 18]
[-42 6 -6]
[42 6 -6]
[-6 54 6]
[6 54 6]
[-54 -6 6]
[54 -6 6]
[-30 -6 54]
[30 -6 54]
[-54 6 6]
[54 6 6]
[-30 18 -18]
[30 18 -18]
[-6 -78 6]
[6 -78 6]
[-30 6 -18]
[30 6 -18]
[-42 -30 18]
[42 -30 18]
[-30 -6 -18]
[30 -6 -18]
[-18 6 -18]
[18 6 -18]
[-30 -18 -30]
[30 -18 -30]
[-6 42 -18]
[6 42 -18]
[-42 18 -30]
[42 18 -30]
[-42 42 6]
[42 42 6]
[-54 -54 30]
[54 -54 30]
[-54 -54 -6]
[54 -54 -6]
[-18 -54 6]
[18 -54 6]
[-54 -30 -6]
[54 -30 -6]
[-6 -66 30]
[6 -66 30]
[-42 -66 -18]
[42 -66 -18]
[-18 -42 -6]
[18 -42 -6]
[-6 -54 42]
[6 -54 42]
[-54 -18 -6]
[54 -18 -6]
[-30 30 42]
[30 30 42]
[-42 18 6]
[42 18 6]
[-42 6 30]
[42 6 30]
[-42 -42 -18]
[42 -42 -18]
[-6 -78 -30]
[6 -78 -30]
[-42 -54 -54]
[42 -54 -54]
[-54 6 -18]
[54 6 -18]
[-54 -18 -30]
[54 -18 -30]
[-54 -30 18]
[54 -30 18]
[-54 -6 -30]
[54 -6 -30]
[-30 -6 -30]
[30 -6 -30]
[-42 6 -42]
[42 6 -42]
[-42 -18 -30]
[42 -18 -30]
[-54 -42 -18]
[54 -42 -18]
[-6 6 42]
[6 6 42]
[-54 -6 -18]
[54 -6 -18]
[-18 6 -6]
[18 6 -6]
[-6 -6 42]
[6 -6 42]
[-54 -54 6]
[54 -54 6]
[-42 6 6]
[42 6 6]
[-6 -54 30]
[6 -54 30]
[-18 -54 -6]
[18 -54 -6]
[-30 42 30]
[30 42 30]
[-30 54 6]
[30 54 6]
[-6 30 30]
[6 30 30]
[-18 -6 -30]
[18 -6 -30]
[-30 18 -6]
[30 18 -6]
[-42 -6 6]
[42 -6 6]
[-30 -6 -6]
[30 -6 -6]
[-42 -6 -42]
[42 -6 -42]
[-30 6 6]
[30 6 6]
[-6 -66 18]
[6 -66 18]
[-6 18 -18]
[6 18 -18]
[-30 -78 -18]
[30 -78 -18]
[-54 -42 6]
[54 -42 6]
[-6 30 -18]
[6 30 -18]
[-6 42 6]
[6 42 6]
[-6 42 18]
[6 42 18]
[-6 -42 42]
[6 -42 42]
[-18 -6 -18]
[18 -6 -18]
[-6 -18 42]
[6 -18 42]
[-54 -54 18]
[54 -54 18]
[-54 -54 -18]
[54 -54 -18]
[-6 -54 -42]
[6 -54 -42]
[-6 -30 42]
[6 -30 42]
[-30 -18 -18]
[30 -18 -18]
[-6 -54 -18]
[6 -54 -18]
[-42 -54 -18]
[42 -54 -18]
[-6 -66 -42]
[6 -66 -42]
[-6 42 -6]
[6 42 -6]
[-6 -54 -54]
[6 -54 -54]
[-18 -78 -18]
[18 -78 -18]
[-30 -30 -18]
[30 -30 -18]
[-30 6 -6]
[30 6 -6]
[-30 6 -42]
[30 6 -42]
[-6 -66 -18]
[6 -66 -18]
[-42 -54 -30]
[42 -54 -30]
[-30 -6 -42]
[30 -6 -42]
[-30 -42 -18]
[30 -42 -18]
[-42 -54 -42]
[42 -54 -42]
[-30 -54 -30]
[30 -54 -30]
[-30 -42 -30]
[30 -42 -30]
[-18 -78 -42]
[18 -78 -42]
[-42 -66 -30]
[42 -66 -30]
[-30 -78 -42]
[30 -78 -42]
[-18 -42 -18]
[18 -42 -18]
[-30 -66 -18]
[30 -66 -18]
[-42 -66 -42]
[42 -66 -42]
[-30 -66 -30]
[30 -66 -30]
[-30 -54 -18]
[30 -54 -18]
[-18 -66 -54]
[18 -66 -54]
[-30 -66 -54]
[30 -66 -54]
[-30 -54 -54]
[30 -54 -54]
[-30 -78 -30]
[30 -78 -30]
[-18 -54 -54]
[18 -54 -54]
[-18 -78 -30]
[18 -78 -30]
[-18 -54 -18]
[18 -54 -18]
[-18 -66 -18]
[18 -66 -18]
